1
Mary
11 21 3

60 25
5 7 7 6 0 0 0 0 0 0 0 0 5 7 7 7 7 7 7 6 0 0 0 0 0
13 15 15 14 0 0 0 0 0 0 0 0 13 15 15 15 15 15 15 14 0 0 0 0 0
13 15 15 15 7 7 7 7 7 7 7 7 15 15 15 15 15 11 11 10 0 0 0 0 0
13 15 15 15 15 15 15 15 15 15 15 15 15 15 15 15 14 0 0 0 0 0 0 0 0
13 11 11 11 15 15 15 15 15 15 15 15 15 15 15 15 14 0 0 0 0 0 0 0 0
12 0 0 0 13 15 15 15 15 15 15 15 15 15 15 15 14 0 0 0 0 0 0 0 0
12 0 0 0 13 15 15 15 15 15 15 15 15 15 15 15 14 0 0 0 0 0 0 0 0
12 0 0 0 13 11 11 11 11 11 11 11 11 11 11 11 10 0 0 0 0 0 0 0 0
13 7 7 7 14 0 0 0 0 0 0 0 0 0 0 0 0 0 0 0 0 0 0 0 0
13 15 15 15 15 7 7 7 7 7 7 0 0 0 7 7 6 0 0 0 0 0 0 0 0
13 15 15 15 15 15 15 15 15 15 14 0 0 0 13 15 14 0 0 0 0 0 0 0 0
13 15 15 15 15 15 15 15 15 15 14 0 0 0 13 15 15 7 7 7 3 3 3 3 2
13 15 15 15 15 15 15 15 15 15 15 7 6 0 13 15 15 15 15 10 0 0 0 0 0
13 15 15 15 15 15 15 15 15 15 15 15 15 7 15 15 15 15 14 0 0 0 0 0 0
13 15 15 15 15 15 15 15 15 15 15 15 15 15 15 15 15 15 15 7 7 7 7 7 6
13 15 15 15 15 15 15 15 15 15 15 15 15 15 15 15 15 15 15 15 15 15 11 11 10
13 15 15 15 15 15 15 15 15 15 15 15 15 15 15 15 15 15 15 15 15 14 0 0 0
13 15 15 15 15 15 15 15 15 15 15 15 15 15 15 15 15 15 15 15 15 14 0 0 0
13 15 15 15 15 15 15 15 15 15 15 15 15 15 15 15 15 15 15 15 15 14 0 0 0
13 15 15 15 15 15 15 15 15 15 11 15 15 11 15 15 15 15 15 15 15 15 7 7 6
9 11 11 11 11 11 11 11 11 10 0 13 14 0 9 11 11 11 11 11 11 11 11 11 10
0 0 0 0 0 0 0 0 0 0 0 13 14 0 0 0 0 0 0 0 0 0 0 0 0
0 0 0 0 0 0 0 0 0 0 0 13 14 0 0 0 0 0 0 0 0 0 0 0 0
0 0 0 0 0 0 0 0 0 0 0 13 14 0 0 0 0 0 0 0 0 0 0 0 0
0 0 0 0 0 0 0 0 0 0 0 13 14 0 0 0 0 0 0 0 0 0 0 0 0
0 0 0 0 0 0 0 0 0 0 0 13 14 0 0 0 0 0 0 0 0 0 0 0 0
0 0 0 0 0 0 0 0 0 0 0 13 14 0 0 0 0 0 0 0 0 0 0 0 0
0 0 0 0 0 0 0 0 0 0 0 13 14 0 5 7 7 7 6 0 0 0 0 0 0
0 0 0 0 0 0 0 0 0 0 5 15 15 6 15 15 15 15 14 0 0 0 0 0 0
13 3 3 3 3 7 7 7 7 7 15 15 15 15 15 15 15 15 14 0 0 0 0 0 0
12 0 0 0 0 13 15 15 15 15 15 15 15 15 15 15 15 15 14 0 0 0 0 0 0
12 0 0 0 0 13 15 15 15 15 15 15 15 15 15 15 15 15 14 0 0 0 0 0 0
12 0 0 0 0 13 15 15 15 15 15 15 15 15 15 15 15 15 14 5 2 0 0 0 0
12 0 0 0 0 13 15 15 15 15 15 15 15 15 15 15 15 15 14 12 0 0 0 0 0
8 0 0 0 0 13 15 15 15 15 15 15 15 15 15 15 15 15 14 13 7 7 7 7 6
0 0 0 0 0 13 15 15 15 15 15 15 15 15 15 15 15 15 14 13 15 15 15 15 14
0 0 0 0 0 13 15 15 15 15 15 15 15 15 15 15 15 15 14 9 11 11 15 11 10
0 0 0 0 0 13 15 15 15 15 15 15 15 11 15 15 15 15 14 0 0 0 12 0 0
0 0 0 0 0 13 15 15 15 15 15 15 14 0 13 15 15 15 15 7 7 7 15 7 6
0 0 0 0 0 9 11 11 15 15 15 15 15 7 15 15 15 15 15 15 15 15 15 15 14
0 0 0 0 0 0 0 0 13 15 15 15 15 15 15 15 15 15 15 15 15 15 15 15 14
5 7 7 7 7 7 6 0 13 15 15 15 15 15 15 15 15 15 15 15 11 11 11 11 14
13 15 15 15 15 15 14 0 13 15 15 15 15 15 15 15 15 15 15 14 0 0 0 0 12
13 15 15 15 15 15 14 0 13 15 15 15 15 15 15 15 15 15 15 14 0 0 0 0 12
13 15 15 15 15 15 14 0 13 15 15 15 15 15 15 15 15 15 15 14 0 0 0 0 12
13 15 15 15 15 15 15 7 13 15 15 15 15 15 15 15 15 15 15 14 0 0 0 0 12
13 15 15 15 15 15 15 15 13 15 15 15 15 15 15 15 15 15 15 14 0 0 0 0 12
13 15 15 15 15 15 15 11 13 15 15 15 15 15 15 15 15 15 15 15 7 7 7 7 14
13 15 15 15 15 15 14 0 13 15 15 15 15 15 15 15 15 15 15 11 11 11 11 11 10
13 15 15 15 15 15 14 0 13 15 15 15 15 15 15 15 15 15 14 0 0 0 0 0 0
13 15 15 15 15 15 14 0 13 15 15 15 15 15 15 15 15 15 14 0 0 0 0 0 0
13 15 15 15 15 15 14 0 13 15 15 15 15 15 15 15 15 15 14 0 0 0 0 0 0
9 11 11 11 11 11 10 0 13 15 15 15 15 15 15 15 15 15 14 0 0 0 0 0 0
0 0 0 0 0 0 0 0 9 15 15 15 15 15 15 15 15 15 14 0 0 0 0 0 0
0 0 0 0 0 0 0 0 0 13 15 15 15 15 15 15 15 15 14 0 0 0 0 0 0
0 0 0 0 0 0 0 0 0 13 15 15 15 15 15 15 15 15 14 0 0 0 0 0 0
0 0 0 0 0 0 0 0 0 13 15 15 15 15 15 15 15 15 14 0 0 0 0 0 0
0 0 0 0 0 0 0 0 0 13 15 15 15 15 15 15 15 15 14 0 0 0 0 0 0
0 0 0 0 0 0 0 0 0 13 15 15 15 15 15 15 15 15 14 0 0 0 0 0 0
0 0 0 0 0 0 0 0 0 9 11 11 11 11 11 11 11 11 10 0 0 0 0 0 0
