5
John
19 17 1
Solider
13 5 0
Solider
22 12 0
Solider
8 17 0
Solider
3 13 2

20 26
0 0 0 0 0 0 0 0 0 0 0 0 0 0 0 0 0 0 4 0 0 0 0 0 0 0
0 0 0 0 0 0 5 7 7 7 6 0 0 0 0 0 5 6 12 0 0 0 0 0 0 0
0 0 0 0 0 0 9 11 15 15 14 0 0 0 0 0 9 14 9 7 7 2 0 0 0 0
0 0 0 0 0 0 0 0 13 15 10 0 0 0 0 0 0 12 0 12 12 0 0 0 0 0
0 0 0 0 0 0 0 0 13 14 0 0 0 0 0 0 0 12 63 12 12 0 5 7 6 0
0 0 0 4 0 0 0 0 13 14 0 0 0 0 0 0 5 15 7 15 15 7 15 15 14 0
0 0 5 15 7 7 7 7 15 15 7 7 7 7 7 7 15 15 15 15 15 15 15 15 14 0
0 5 15 15 15 15 15 15 15 15 15 15 15 15 15 15 15 15 15 15 15 15 15 15 14 0
0 13 15 15 15 15 15 15 15 15 15 15 15 15 15 15 15 15 15 15 15 11 11 11 10 0
0 9 11 15 15 15 15 15 15 15 15 15 15 15 15 15 15 15 15 15 14 0 0 0 0 0
0 0 0 13 15 15 15 15 15 15 15 15 15 15 11 15 15 15 15 15 14 0 0 0 0 0
0 0 0 13 15 15 15 15 15 15 15 15 11 14 0 13 15 15 15 15 14 0 0 0 0 0
0 0 0 9 15 15 15 15 15 15 15 14 0 12 0 13 15 15 15 15 14 0 0 0 0 0
0 0 0 0 13 15 15 15 15 15 15 15 7 14 0 13 15 15 15 15 15 7 7 7 6 0
0 0 0 5 15 15 15 11 11 11 15 15 15 15 7 15 15 15 15 15 15 15 15 15 14 0
0 0 0 9 11 15 14 0 0 0 13 15 15 15 15 15 15 15 15 15 15 15 15 15 14 0
0 0 0 0 0 13 14 0 0 0 13 15 15 15 15 15 15 15 15 11 15 15 15 15 14 0
0 0 0 0 0 13 14 0 0 0 13 11 11 11 11 11 11 11 14 0 9 11 11 11 10 0
0 0 0 0 0 9 11 3 3 3 10 0 0 0 0 0 0 0 12 0 0 0 0 0 0 0
0 0 0 0 0 0 0 0 0 0 0 0 0 0 0 0 0 0 8 0 0 0 0 0 0 0